{
 "cells": [
  {
   "cell_type": "markdown",
   "id": "276c9487-67f7-4589-b755-19f0fb670e62",
   "metadata": {},
   "source": [
    "# Forward projection of a “point by point” grain map\n",
    "A quick experiment to see whether we can compute something like images to compare to the\n",
    "experimental data for validation.\n",
    "The idea is to pick the best grain at each point, then compute the spots coming from that voxel.\n",
    "These are plotted onto pole figures in azimuth / omega space to easily compare to reduced data\n",
    "frm frames. Also as sinograms, with one for each hkl ring.\n",
    "Some other notebook will be set up to prepare the experimental data into such a format."
   ]
  },
  {
   "cell_type": "code",
   "execution_count": 1,
   "id": "a37958d8-1c96-4d30-82fb-76422f82bf1f",
   "metadata": {},
   "outputs": [],
   "source": [
    "import os\n",
    "\n",
    "os.environ[\"XLA_PYTHON_CLIENT_PREALLOCATE\"] = \"0\"\n",
    "import sys\n",
    "from matplotlib import pyplot as plt\n",
    "import numpy as np\n",
    "import ImageD11.sinograms.dataset\n",
    "import ImageD11.sinograms.tensor_map\n",
    "import ImageD11.sinograms.geometry\n",
    "import time\n",
    "from scipy.spatial.transform import Rotation as R\n",
    "\n",
    "import jax\n",
    "import jax.numpy as jnp\n",
    "jax.config.update(\"jax_enable_x64\", True)\n",
    "\n",
    "start_time = time.time()"
   ]
  },
  {
   "cell_type": "code",
   "execution_count": 2,
   "id": "6436e4e2-5de7-4e30-bd80-e2e521e5c1d6",
   "metadata": {},
   "outputs": [],
   "source": [
    "# make a 3x3 map where there's a small amount of misorientations"
   ]
  },
  {
   "cell_type": "code",
   "execution_count": 3,
   "id": "d1e7e19b-41c6-448d-8a42-c849f076a770",
   "metadata": {},
   "outputs": [
    {
     "data": {
      "text/plain": [
       "Cr | [ 2.885  2.885  2.885 90.    90.    90.   ] | 229"
      ]
     },
     "execution_count": 3,
     "metadata": {},
     "output_type": "execute_result"
    }
   ],
   "source": [
    "asc = ImageD11.unitcell.Phases.from_json('pars.json')\n",
    "ucell = asc.unitcells['Cr']\n",
    "ucell"
   ]
  },
  {
   "cell_type": "code",
   "execution_count": 4,
   "id": "72262a99-f189-4ab0-a6cc-e44a16aff561",
   "metadata": {},
   "outputs": [
    {
     "data": {
      "text/plain": [
       "array([[ 3.46620451e-01, -1.32706021e-16, -1.32706021e-16],\n",
       "       [ 0.00000000e+00,  3.46620451e-01, -2.12243813e-17],\n",
       "       [ 0.00000000e+00,  0.00000000e+00,  3.46620451e-01]])"
      ]
     },
     "execution_count": 4,
     "metadata": {},
     "output_type": "execute_result"
    }
   ],
   "source": [
    "ucell.B"
   ]
  },
  {
   "cell_type": "code",
   "execution_count": 5,
   "id": "436ed3d4-8c0a-4d2a-b0ac-bf48811f2b82",
   "metadata": {},
   "outputs": [
    {
     "data": {
      "text/plain": [
       "<scipy.spatial.transform._rotation.Rotation at 0x7a596260f2d0>"
      ]
     },
     "execution_count": 5,
     "metadata": {},
     "output_type": "execute_result"
    }
   ],
   "source": [
    "R0 = R.random()\n",
    "R0"
   ]
  },
  {
   "cell_type": "code",
   "execution_count": 6,
   "id": "ce03133d-2f07-4ed3-b1b8-617c60d1f347",
   "metadata": {},
   "outputs": [
    {
     "data": {
      "text/plain": [
       "array([[ 0.30661283,  0.90340924, -0.29973376],\n",
       "       [ 0.44032791, -0.41380524, -0.79679141],\n",
       "       [-0.84386012,  0.11232532, -0.5246743 ]])"
      ]
     },
     "execution_count": 6,
     "metadata": {},
     "output_type": "execute_result"
    }
   ],
   "source": [
    "U0 = R0.as_matrix()\n",
    "U0"
   ]
  },
  {
   "cell_type": "code",
   "execution_count": 7,
   "id": "3a468bbb-5572-453f-b9eb-107404eacd2d",
   "metadata": {
    "scrolled": true
   },
   "outputs": [
    {
     "data": {
      "text/plain": [
       "array([[0.48857548, 0.39809443, 0.09288277],\n",
       "       [0.61926888, 0.6562534 , 0.80864669],\n",
       "       [0.51561298, 0.38177274, 0.31530683],\n",
       "       [0.98952062, 0.96554583, 0.41732071],\n",
       "       [0.42612564, 0.69143012, 0.23558258],\n",
       "       [0.15900578, 0.66999699, 0.00440976],\n",
       "       [0.74813226, 0.91521351, 0.45377055],\n",
       "       [0.11379697, 0.05716245, 0.4324729 ],\n",
       "       [0.59141184, 0.38902063, 0.36412797],\n",
       "       [0.73394349, 0.72790898, 0.26437575],\n",
       "       [0.75625566, 0.67884594, 0.40976681],\n",
       "       [0.1212092 , 0.64964052, 0.84756389],\n",
       "       [0.92648098, 0.66064872, 0.88760554],\n",
       "       [0.6150506 , 0.82397408, 0.61081555],\n",
       "       [0.1864574 , 0.13400152, 0.93003724],\n",
       "       [0.66992259, 0.94933657, 0.19401235]])"
      ]
     },
     "execution_count": 7,
     "metadata": {},
     "output_type": "execute_result"
    }
   ],
   "source": [
    "# now make 16 random small misorientations\n",
    "# do these as Euler angles with ranges\n",
    "ny = 4\n",
    "n_voxels = ny * ny\n",
    "# generates random values in the (0, 1) interval - we can consider those directly as degrees for small rotations\n",
    "random_euler = np.random.random(size=(n_voxels, 3))\n",
    "random_euler"
   ]
  },
  {
   "cell_type": "code",
   "execution_count": 8,
   "id": "cf64fde9-cdb9-4058-995a-900b96209509",
   "metadata": {
    "scrolled": true
   },
   "outputs": [
    {
     "data": {
      "text/plain": [
       "array([[[ 9.99974548e-01, -1.62107025e-03,  6.94800262e-03],\n",
       "        [ 1.68029701e-03,  9.99962233e-01, -8.52694164e-03],\n",
       "        [-6.93391744e-03,  8.53839932e-03,  9.99939506e-01]],\n",
       "\n",
       "       [[ 9.99834818e-01, -1.41121529e-02,  1.14535321e-02],\n",
       "        [ 1.42360325e-02,  9.99840255e-01, -1.08073616e-02],\n",
       "        [-1.12991873e-02,  1.09686293e-02,  9.99876001e-01]],\n",
       "\n",
       "       [[ 9.99962659e-01, -5.50299246e-03,  6.66314204e-03],\n",
       "        [ 5.56285265e-03,  9.99944036e-01, -8.99882290e-03],\n",
       "        [-6.61324870e-03,  9.03555296e-03,  9.99937310e-01]],\n",
       "\n",
       "       [[ 9.99831488e-01, -7.28252181e-03,  1.68511562e-02],\n",
       "        [ 7.57347371e-03,  9.99822229e-01, -1.72670822e-02],\n",
       "        [-1.67224126e-02,  1.73917942e-02,  9.99708901e-01]],\n",
       "\n",
       "       [[ 9.99918733e-01, -4.11138067e-03,  1.20674393e-02],\n",
       "        [ 4.20131387e-03,  9.99963522e-01, -7.43668541e-03],\n",
       "        [-1.20364241e-02,  7.48678015e-03,  9.99899531e-01]],\n",
       "\n",
       "       [[ 9.99931627e-01, -7.69595293e-05,  1.16933870e-02],\n",
       "        [ 1.09415641e-04,  9.99996144e-01, -2.77498109e-03],\n",
       "        [-1.16931283e-02,  2.77607079e-03,  9.99927779e-01]],\n",
       "\n",
       "       [[ 9.99841069e-01, -7.91869697e-03,  1.59728098e-02],\n",
       "        [ 8.12758262e-03,  9.99881743e-01, -1.30553344e-02],\n",
       "        [-1.58675397e-02,  1.31830799e-02,  9.99787191e-01]],\n",
       "\n",
       "       [[ 9.99971016e-01, -7.54800053e-03,  9.97672861e-04],\n",
       "        [ 7.54997085e-03,  9.99969526e-01, -1.98612956e-03],\n",
       "        [-9.82651151e-04,  1.99360440e-03,  9.99997530e-01]],\n",
       "\n",
       "       [[ 9.99956756e-01, -6.35504265e-03,  6.78963866e-03],\n",
       "        [ 6.42493114e-03,  9.99926089e-01, -1.03216626e-02],\n",
       "        [-6.72354222e-03,  1.03648392e-02,  9.99923679e-01]],\n",
       "\n",
       "       [[ 9.99908655e-01, -4.61383861e-03,  1.27040667e-02],\n",
       "        [ 4.77656190e-03,  9.99906561e-01, -1.28083463e-02],\n",
       "        [-1.26437840e-02,  1.28678581e-02,  9.99837263e-01]],\n",
       "\n",
       "       [[ 9.99904240e-01, -7.15121704e-03,  1.18478195e-02],\n",
       "        [ 7.30746866e-03,  9.99886202e-01, -1.31978416e-02],\n",
       "        [-1.17520906e-02,  1.32831553e-02,  9.99842711e-01]],\n",
       "\n",
       "       [[ 9.99826317e-01, -1.47912902e-02,  1.13381232e-02],\n",
       "        [ 1.48161911e-02,  9.99887997e-01, -2.11536202e-03],\n",
       "        [-1.13055643e-02,  2.28298242e-03,  9.99933484e-01]],\n",
       "\n",
       "       [[ 9.99813540e-01, -1.54899897e-02,  1.15302398e-02],\n",
       "        [ 1.56754094e-02,  9.99746401e-01, -1.61683639e-02],\n",
       "        [-1.12768680e-02,  1.63460904e-02,  9.99802799e-01]],\n",
       "\n",
       "       [[ 9.99839775e-01, -1.06594381e-02,  1.43805649e-02],\n",
       "        [ 1.08142850e-02,  9.99883917e-01, -1.07333419e-02],\n",
       "        [-1.42644842e-02,  1.08871377e-02,  9.99838984e-01]],\n",
       "\n",
       "       [[ 9.99865526e-01, -1.62314547e-02,  2.33876564e-03],\n",
       "        [ 1.62390232e-02,  9.99862842e-01, -3.25428095e-03],\n",
       "        [-2.28562315e-03,  3.29182260e-03,  9.99991970e-01]],\n",
       "\n",
       "       [[ 9.99857004e-01, -3.38568304e-03,  1.65682907e-02],\n",
       "        [ 3.57963319e-03,  9.99925257e-01, -1.16904837e-02],\n",
       "        [-1.65274720e-02,  1.17481204e-02,  9.99794391e-01]]])"
      ]
     },
     "execution_count": 8,
     "metadata": {},
     "output_type": "execute_result"
    }
   ],
   "source": [
    "delta_R = R.from_euler('XYZ', angles=random_euler, degrees=True)\n",
    "delta_R.as_matrix()"
   ]
  },
  {
   "cell_type": "code",
   "execution_count": 9,
   "id": "4eba55c5-4e48-48f7-90cb-22500cb3c05e",
   "metadata": {},
   "outputs": [],
   "source": [
    "R_voxels = delta_R * R0"
   ]
  },
  {
   "cell_type": "code",
   "execution_count": 10,
   "id": "74fd93da-65d8-472c-9aad-de3869b9dea3",
   "metadata": {
    "scrolled": true
   },
   "outputs": [
    {
     "data": {
      "text/plain": [
       "array([[[ 0.30002808,  0.90483749, -0.30207992],\n",
       "        [ 0.44802203, -0.41322941, -0.79279109],\n",
       "        [-0.8421754 ,  0.10252113, -0.52936755]],\n",
       "\n",
       "       [[ 0.29068303,  0.91038621, -0.29444918],\n",
       "        [ 0.45374243, -0.40209211, -0.7952608 ],\n",
       "        [-0.84239016,  0.09756473, -0.5299622 ]],\n",
       "\n",
       "       [[ 0.2985555 ,  0.90640111, -0.29883381],\n",
       "        [ 0.44960266, -0.40976734, -0.79369274],\n",
       "        [-0.84185632,  0.10260485, -0.52985864]],\n",
       "\n",
       "       [[ 0.28913444,  0.90816336, -0.30272197],\n",
       "        [ 0.45714276, -0.40882926, -0.7898602 ],\n",
       "        [-0.84108369,  0.08998863, -0.53336693]],\n",
       "\n",
       "       [[ 0.29459432,  0.90639261, -0.30276497],\n",
       "        [ 0.44787555, -0.41082997, -0.79411978],\n",
       "        [-0.84416922,  0.09834215, -0.52697926]],\n",
       "\n",
       "       [[ 0.29669039,  0.90469278, -0.30578717],\n",
       "        [ 0.44270146, -0.4140165 , -0.79536517],\n",
       "        [-0.84616206,  0.10060478, -0.52334353]],\n",
       "\n",
       "       [[ 0.28959846,  0.9083366 , -0.3017571 ],\n",
       "        [ 0.45378474, -0.40788021, -0.7922835 ],\n",
       "        [-0.84274085,  0.09251131, -0.53031077]],\n",
       "\n",
       "       [[ 0.30243845,  0.90661852, -0.29423435],\n",
       "        [ 0.44430543, -0.40719501, -0.79798804],\n",
       "        [-0.84328149,  0.11061235, -0.52596696]],\n",
       "\n",
       "       [[ 0.29807176,  0.90676257, -0.29821951],\n",
       "        [ 0.45097538, -0.4091297 , -0.79324278],\n",
       "        [-0.84129331,  0.10195362, -0.5308776 ]],\n",
       "\n",
       "       [[ 0.29383276,  0.90666293, -0.30269561],\n",
       "        [ 0.45255978, -0.41089008, -0.79142845],\n",
       "        [-0.84193346,  0.09555975, -0.53105214]],\n",
       "\n",
       "       [[ 0.29343668,  0.90761275, -0.30022328],\n",
       "        [ 0.4536555 , -0.40863897, -0.79196646],\n",
       "        [-0.84148179,  0.09619407, -0.53165318]],\n",
       "\n",
       "       [[ 0.29047877,  0.9106466 , -0.29384495],\n",
       "        [ 0.4466065 , -0.40061142, -0.8000332 ],\n",
       "        [-0.84626516,  0.10115959, -0.5230698 ]],\n",
       "\n",
       "       [[ 0.29000507,  0.91094576, -0.2933852 ],\n",
       "        [ 0.45866637, -0.4013551 , -0.79280467],\n",
       "        [-0.8399537 ,  0.09535145, -0.5342152 ]],\n",
       "\n",
       "       [[ 0.28973487,  0.90929072, -0.2987375 ],\n",
       "        [ 0.45265004, -0.4051931 , -0.79430881],\n",
       "        [-0.84330401,  0.09491542, -0.52898905]],\n",
       "\n",
       "       [[ 0.29745084,  0.91026711, -0.28798746],\n",
       "        [ 0.44799277, -0.39944354, -0.79984207],\n",
       "        [-0.84310466,  0.1088974 , -0.5266079 ]],\n",
       "\n",
       "       [[ 0.29109685,  0.9065421 , -0.30568617],\n",
       "        [ 0.4512577 , -0.41185357, -0.7916711 ],\n",
       "        [-0.84358112,  0.09250972, -0.52897338]]])"
      ]
     },
     "execution_count": 10,
     "metadata": {},
     "output_type": "execute_result"
    }
   ],
   "source": [
    "U_voxels = R_voxels.as_matrix()\n",
    "U_voxels"
   ]
  },
  {
   "cell_type": "code",
   "execution_count": 11,
   "id": "6f83658b-c16f-4be4-a7f0-a138dc8b6386",
   "metadata": {
    "scrolled": true
   },
   "outputs": [
    {
     "data": {
      "text/plain": [
       "array([[[ 0.10399587,  0.31363518, -0.10470708],\n",
       "        [ 0.1552936 , -0.14323376, -0.27479761],\n",
       "        [-0.29191522,  0.03553592, -0.18348962]],\n",
       "\n",
       "       [[ 0.10075668,  0.31555848, -0.10206211],\n",
       "        [ 0.1572764 , -0.13937335, -0.27565366],\n",
       "        [-0.29198966,  0.03381793, -0.18369574]],\n",
       "\n",
       "       [[ 0.10348544,  0.31417716, -0.10358191],\n",
       "        [ 0.15584148, -0.14203374, -0.27511014],\n",
       "        [-0.29180462,  0.03556494, -0.18365984]],\n",
       "\n",
       "       [[ 0.10021991,  0.31478799, -0.10492963],\n",
       "        [ 0.15845503, -0.14170858, -0.2737817 ],\n",
       "        [-0.29153681,  0.0311919 , -0.18487588]],\n",
       "\n",
       "       [[ 0.10211242,  0.31417421, -0.10494453],\n",
       "        [ 0.15524283, -0.14240207, -0.27525816],\n",
       "        [-0.29260632,  0.0340874 , -0.18266179]],\n",
       "\n",
       "       [[ 0.10283896,  0.31358502, -0.10599209],\n",
       "        [ 0.15344938, -0.14350658, -0.27568983],\n",
       "        [-0.29329707,  0.03487167, -0.18140157]],\n",
       "\n",
       "       [[ 0.10038075,  0.31484804, -0.10459518],\n",
       "        [ 0.15729107, -0.14137962, -0.27462166],\n",
       "        [-0.29211121,  0.03206631, -0.18381656]],\n",
       "\n",
       "       [[ 0.10483135,  0.31425252, -0.10198764],\n",
       "        [ 0.15400535, -0.14114212, -0.27659897],\n",
       "        [-0.29229861,  0.0383405 , -0.1823109 ]],\n",
       "\n",
       "       [[ 0.10331777,  0.31430245, -0.10336898],\n",
       "        [ 0.15631729, -0.14181272, -0.27495417],\n",
       "        [-0.29160947,  0.03533921, -0.18401303]],\n",
       "\n",
       "       [[ 0.10184844,  0.31426791, -0.10492049],\n",
       "        [ 0.15686647, -0.14242291, -0.27432528],\n",
       "        [-0.29183136,  0.03312296, -0.18407353]],\n",
       "\n",
       "       [[ 0.10171116,  0.31459714, -0.10406353],\n",
       "        [ 0.15724627, -0.14164262, -0.27451177],\n",
       "        [-0.2916748 ,  0.03334283, -0.18428186]],\n",
       "\n",
       "       [[ 0.10068588,  0.31564873, -0.10185267],\n",
       "        [ 0.15480295, -0.13886011, -0.27730787],\n",
       "        [-0.29333281,  0.03506398, -0.18130669]],\n",
       "\n",
       "       [[ 0.10052169,  0.31575243, -0.10169331],\n",
       "        [ 0.15898314, -0.13911789, -0.27480231],\n",
       "        [-0.29114513,  0.03305076, -0.18516991]],\n",
       "\n",
       "       [[ 0.10042803,  0.31517876, -0.10354853],\n",
       "        [ 0.15689776, -0.14044822, -0.27532368],\n",
       "        [-0.29230642,  0.03289962, -0.18335842]],\n",
       "\n",
       "       [[ 0.10310254,  0.3155172 , -0.09982234],\n",
       "        [ 0.15528346, -0.1384553 , -0.27724162],\n",
       "        [-0.29223732,  0.03774606, -0.18253307]],\n",
       "\n",
       "       [[ 0.10090012,  0.31422603, -0.10595708],\n",
       "        [ 0.15641515, -0.14275687, -0.27440939],\n",
       "        [-0.29240247,  0.03206576, -0.18335299]]])"
      ]
     },
     "execution_count": 11,
     "metadata": {},
     "output_type": "execute_result"
    }
   ],
   "source": [
    "UB_voxels = U_voxels @ ucell.B\n",
    "UB_voxels"
   ]
  },
  {
   "cell_type": "code",
   "execution_count": 12,
   "id": "76a0fbea-b6c3-4016-a0d7-4d1d0813e4fd",
   "metadata": {
    "scrolled": true
   },
   "outputs": [
    {
     "data": {
      "text/plain": [
       "array([[[ 0.86558101,  1.29254356, -2.42967604],\n",
       "        [ 2.61045615, -1.19216684,  0.29577346],\n",
       "        [-0.87150056, -2.2872023 , -1.52722539]],\n",
       "\n",
       "       [[ 0.83862053,  1.3090469 , -2.43029562],\n",
       "        [ 2.62646422, -1.16003574,  0.28147425],\n",
       "        [-0.84948589, -2.29432741, -1.52894095]],\n",
       "\n",
       "       [[ 0.86133261,  1.29710368, -2.42875548],\n",
       "        [ 2.6149672 , -1.18217879,  0.296015  ],\n",
       "        [-0.86213555, -2.28980356, -1.52864219]],\n",
       "\n",
       "       [[ 0.83415287,  1.31885687, -2.42652644],\n",
       "        [ 2.62005128, -1.17947242,  0.2596172 ],\n",
       "        [-0.87335289, -2.27874667, -1.53876359]],\n",
       "\n",
       "       [[ 0.84990462,  1.29212097, -2.4354282 ],\n",
       "        [ 2.61494267, -1.18524445,  0.28371711],\n",
       "        [-0.87347693, -2.29103557, -1.52033518]],\n",
       "\n",
       "       [[ 0.85595178,  1.27719372, -2.44117754],\n",
       "        [ 2.61003866, -1.19443759,  0.29024479],\n",
       "        [-0.88219598, -2.29462852, -1.50984609]],\n",
       "\n",
       "       [[ 0.83549155,  1.30916898, -2.43130736],\n",
       "        [ 2.62055111, -1.17673442,  0.26689513],\n",
       "        [-0.87056923, -2.28573789, -1.52994657]],\n",
       "\n",
       "       [[ 0.87253492,  1.28182117, -2.4328671 ],\n",
       "        [ 2.61559442, -1.1747576 ,  0.31911662],\n",
       "        [-0.84886609, -2.30219549, -1.51741467]],\n",
       "\n",
       "       [[ 0.85993703,  1.30106396, -2.4271312 ],\n",
       "        [ 2.61601   , -1.18033917,  0.29413618],\n",
       "        [-0.86036327, -2.28850541, -1.53158187]],\n",
       "\n",
       "       [[ 0.84770752,  1.30563496, -2.42897804],\n",
       "        [ 2.61572256, -1.18541789,  0.27568987],\n",
       "        [-0.87327684, -2.28327107, -1.53208544]],\n",
       "\n",
       "       [[ 0.84656483,  1.30879612, -2.42767496],\n",
       "        [ 2.61846277, -1.17892342,  0.27751989],\n",
       "        [-0.86614416, -2.28482325, -1.53381942]],\n",
       "\n",
       "       [[ 0.83803124,  1.28845975, -2.44147499],\n",
       "        [ 2.62721544, -1.15576393,  0.29184542],\n",
       "        [-0.84774269, -2.30809579, -1.50905638]],\n",
       "\n",
       "       [[ 0.83666463,  1.32325247, -2.42326643],\n",
       "        [ 2.62807852, -1.15790948,  0.27508893],\n",
       "        [-0.84641631, -2.28724147, -1.54121085]],\n",
       "\n",
       "       [[ 0.83588509,  1.30589536, -2.43293206],\n",
       "        [ 2.62330373, -1.1689821 ,  0.27383098],\n",
       "        [-0.86185769, -2.29158093, -1.5261334 ]],\n",
       "\n",
       "       [[ 0.85814568,  1.29245915, -2.43235695],\n",
       "        [ 2.62612062, -1.1523946 ,  0.31416899],\n",
       "        [-0.83084383, -2.30754437, -1.5192638 ]],\n",
       "\n",
       "       [[ 0.83981442,  1.30187846, -2.43373154],\n",
       "        [ 2.61537397, -1.18819756,  0.26689056],\n",
       "        [-0.88190461, -2.28397111, -1.5260882 ]]])"
      ]
     },
     "execution_count": 12,
     "metadata": {},
     "output_type": "execute_result"
    }
   ],
   "source": [
    "UBI_voxels = np.linalg.inv(UB_voxels)\n",
    "UBI_voxels"
   ]
  },
  {
   "cell_type": "code",
   "execution_count": 13,
   "id": "c9f3779a-9826-4ca5-93ee-58dab3ff84b4",
   "metadata": {},
   "outputs": [
    {
     "data": {
      "text/plain": [
       "(16, 3, 3)"
      ]
     },
     "execution_count": 13,
     "metadata": {},
     "output_type": "execute_result"
    }
   ],
   "source": [
    "UBI_voxels.shape"
   ]
  },
  {
   "cell_type": "code",
   "execution_count": 14,
   "id": "eabe276f-148f-4fb5-a957-07f0ee93b5a9",
   "metadata": {},
   "outputs": [],
   "source": [
    "UBI_voxels = UBI_voxels.reshape((ny,ny,3,3))"
   ]
  },
  {
   "cell_type": "code",
   "execution_count": 15,
   "id": "d95eb102-df9a-49fa-9d4c-a284d79dd0ca",
   "metadata": {},
   "outputs": [
    {
     "data": {
      "text/plain": [
       "(array([[ 0.86558101,  1.29254356, -2.42967604],\n",
       "        [ 2.61045615, -1.19216684,  0.29577346],\n",
       "        [-0.87150056, -2.2872023 , -1.52722539]]),\n",
       " array([[ 0.83862053,  1.3090469 , -2.43029562],\n",
       "        [ 2.62646422, -1.16003574,  0.28147425],\n",
       "        [-0.84948589, -2.29432741, -1.52894095]]))"
      ]
     },
     "execution_count": 15,
     "metadata": {},
     "output_type": "execute_result"
    }
   ],
   "source": [
    "UBI_voxels[0,0], UBI_voxels[0,1]"
   ]
  },
  {
   "cell_type": "code",
   "execution_count": 16,
   "id": "9d2ef21c-fb5e-4f21-bb0d-f0ba8e1c974e",
   "metadata": {},
   "outputs": [
    {
     "name": "stdout",
     "output_type": "stream",
     "text": [
      "(1, 4, 4, 3, 3)\n",
      "(1, 4, 4)\n"
     ]
    }
   ],
   "source": [
    "tmap = ImageD11.sinograms.tensor_map.TensorMap.from_ubis(UBI_voxels)\n",
    "tmap.add_map('phase_ids', np.zeros((1, ny, ny),  dtype=int))\n",
    "tmap.steps[1:] = (2.0, 2.0)  # 2 um step\n",
    "tmap.phases[0] = ucell\n",
    "for field in tmap.maps.values():\n",
    "    print(field.shape)"
   ]
  },
  {
   "cell_type": "code",
   "execution_count": 17,
   "id": "34dc60e2-b348-4071-a463-fe348ec717f2",
   "metadata": {},
   "outputs": [],
   "source": [
    "tmap.get_ipf_maps()"
   ]
  },
  {
   "cell_type": "code",
   "execution_count": 18,
   "id": "b82b0ac4-a95c-4ecd-95cb-c37171d45f07",
   "metadata": {},
   "outputs": [
    {
     "data": {
